begin message
BANK - INSURANCE
((1,441),(2,1941),1,80)
((1,466),(2,1966),1,80)
((1,129),(2,1629),1,80)
((1,181),(2,1681),1,80)
((1,233),(2,1733),1,80)
((1,591),(2,2091),1,80)
((1,543),(2,2043),1,80)
((1,188),(2,1688),1,80)
((1,568),(2,2068),1,80)
((1,292),(2,1792),1,80)
((1,140),(2,1640),1,80)
((1,534),(2,2034),1,80)
((1,137),(2,1637),1,80)
((1,182),(2,1682),1,80)
((1,180),(2,1680),1,80)
((1,237),(2,1737),1,80)
((1,409),(2,1909),1,80)
((1,265),(2,1765),1,80)
((1,203),(2,1703),1,80)
((1,597),(2,2097),1,80)
((1,572),(2,2072),1,80)
((1,250),(2,1750),1,80)
((1,462),(2,1962),1,80)
((1,248),(2,1748),1,80)
((1,419),(2,1919),1,80)
((1,517),(2,2017),1,80)
((1,542),(2,2042),1,80)
((1,401),(2,1901),1,80)
((1,521),(2,2021),1,80)
((1,540),(2,2040),1,80)
((1,537),(2,2037),1,80)
((1,223),(2,1723),1,80)
((1,131),(2,1631),1,80)
((1,581),(2,2081),1,80)
((1,474),(2,1974),1,80)
((1,200),(2,1700),1,80)
((1,481),(2,1981),1,80)
((1,437),(2,1937),1,80)
((1,220),(2,1720),1,80)
((1,139),(2,1639),1,80)
((1,589),(2,2089),1,80)
((1,446),(2,1946),1,80)
((1,551),(2,2051),1,80)
((1,569),(2,2069),1,80)
((1,231),(2,1731),1,80)
((1,281),(2,1781),1,80)
((1,470),(2,1970),1,80)
((1,562),(2,2062),1,80)
((1,561),(2,2061),1,80)
((1,221),(2,1721),1,80)
((1,450),(2,1950),1,80)
((1,502),(2,2002),1,80)
((1,229),(2,1729),1,80)
((1,549),(2,2049),1,80)
((1,206),(2,1706),1,80)
((1,431),(2,1931),1,80)
((1,178),(2,1678),1,80)
((1,585),(2,2085),1,80)
((1,240),(2,1740),1,80)
((1,170),(2,1670),1,80)
((1,219),(2,1719),1,80)
((1,428),(2,1928),1,80)
((1,158),(2,1658),1,80)
((1,505),(2,2005),1,80)
((1,483),(2,1983),1,80)
((1,134),(2,1634),1,80)
((1,548),(2,2048),1,80)
((1,405),(2,1905),1,80)
((1,160),(2,1660),1,80)
((1,573),(2,2073),1,80)
((1,525),(2,2025),1,80)
((1,187),(2,1687),1,80)
((1,448),(2,1948),1,80)
((1,430),(2,1930),1,80)
((1,559),(2,2059),1,80)
((1,124),(2,1624),1,80)
((1,217),(2,1717),1,80)
((1,593),(2,2093),1,80)
((1,106),(2,1606),1,80)
((1,513),(2,2013),1,80)
((1,191),(2,1691),1,80)
((1,516),(2,2016),1,80)
((1,107),(2,1607),1,80)
((1,278),(2,1778),1,80)
((1,224),(2,1724),1,80)
((1,503),(2,2003),1,80)
((1,272),(2,1772),1,80)
((1,416),(2,1916),1,80)
((1,444),(2,1944),1,80)
((1,259),(2,1759),1,80)
((1,447),(2,1947),1,80)
((1,122),(2,1622),1,80)
((1,208),(2,1708),1,80)
((1,554),(2,2054),1,80)
((1,583),(2,2083),1,80)
((1,598),(2,2098),1,80)
((1,563),(2,2063),1,80)
((1,427),(2,1927),1,80)
((1,194),(2,1694),1,80)
((1,406),(2,1906),1,80)
((1,550),(2,2050),1,80)
((1,121),(2,1621),1,80)
((1,159),(2,1659),1,80)
((1,442),(2,1942),1,80)
((1,120),(2,1620),1,80)
((1,176),(2,1676),1,80)
((1,197),(2,1697),1,80)
((1,526),(2,2026),1,80)
((1,574),(2,2074),1,80)
((1,190),(2,1690),1,80)
((1,560),(2,2060),1,80)
((1,211),(2,1711),1,80)
((1,576),(2,2076),1,80)
((1,145),(2,1645),1,80)
((1,451),(2,1951),1,80)
((1,519),(2,2019),1,80)
((1,209),(2,1709),1,80)
((1,402),(2,1902),1,80)
((1,227),(2,1727),1,80)
((1,218),(2,1718),1,80)
((1,400),(2,1900),1,80)
((1,495),(2,1995),1,80)
((1,246),(2,1746),1,80)
((1,205),(2,1705),1,80)
((1,453),(2,1953),1,80)
((1,119),(2,1619),1,80)
((1,290),(2,1790),1,80)
((1,113),(2,1613),1,80)
((1,580),(2,2080),1,80)
((1,527),(2,2027),1,80)
((1,463),(2,1963),1,80)
((1,524),(2,2024),1,80)
((1,262),(2,1762),1,80)
((1,247),(2,1747),1,80)
((1,445),(2,1945),1,80)
((1,186),(2,1686),1,80)
((1,234),(2,1734),1,80)
((1,230),(2,1730),1,80)
((1,256),(2,1756),1,80)
((1,421),(2,1921),1,80)
((1,528),(2,2028),1,80)
((1,493),(2,1993),1,80)
((1,268),(2,1768),1,80)
((1,210),(2,1710),1,80)
((1,108),(2,1608),1,80)
((1,212),(2,1712),1,80)
((1,258),(2,1758),1,80)
((1,494),(2,1994),1,80)
((1,555),(2,2055),1,80)
((1,253),(2,1753),1,80)
((1,141),(2,1641),1,80)
((1,149),(2,1649),1,80)
((1,161),(2,1661),1,80)
((1,433),(2,1933),1,80)
((1,440),(2,1940),1,80)
((1,130),(2,1630),1,80)
((1,544),(2,2044),1,80)
((1,125),(2,1625),1,80)
((1,235),(2,1735),1,80)
((1,214),(2,1714),1,80)
((1,426),(2,1926),1,80)
((1,109),(2,1609),1,80)
((1,515),(2,2015),1,80)
((1,452),(2,1952),1,80)
((1,482),(2,1982),1,80)
((1,276),(2,1776),1,80)
((1,434),(2,1934),1,80)
((1,439),(2,1939),1,80)
((1,592),(2,2092),1,80)
((1,142),(2,1642),1,80)
((1,578),(2,2078),1,80)
((1,541),(2,2041),1,80)
((1,547),(2,2047),1,80)
((1,435),(2,1935),1,80)
((1,468),(2,1968),1,80)
((1,154),(2,1654),1,80)
((1,491),(2,1991),1,80)
((1,498),(2,1998),1,80)
((1,1001),(2,2506),1,80)
((1,116),(2,1616),1,80)
((1,565),(2,2065),1,80)
((1,175),(2,1675),1,80)
((1,260),(2,1760),1,80)
((1,110),(2,1610),1,80)
((1,225),(2,1725),1,80)
((1,136),(2,1636),1,80)
((1,174),(2,1674),1,80)
((1,507),(2,2007),1,80)
((1,111),(2,1611),1,80)
((1,155),(2,1655),1,80)
((1,232),(2,1732),1,80)
((1,132),(2,1632),1,80)
((1,496),(2,1996),1,80)
((1,274),(2,1774),1,80)
((1,279),(2,1779),1,80)
((1,532),(2,2032),1,80)
((1,429),(2,1929),1,80)
((1,192),(2,1692),1,80)
((1,147),(2,1647),1,80)
((1,172),(2,1672),1,80)
((1,102),(2,1602),1,80)
((1,195),(2,1695),1,80)
((1,283),(2,1783),1,80)
((1,184),(2,1684),1,80)
((1,536),(2,2036),1,80)
((1,226),(2,1726),1,80)
((1,469),(2,1969),1,80)
((1,144),(2,1644),1,80)
((1,432),(2,1932),1,80)
((1,277),(2,1777),1,80)
((1,243),(2,1743),1,80)
((1,455),(2,1955),1,80)
((1,499),(2,1999),1,80)
((1,166),(2,1666),1,80)
((1,403),(2,1903),1,80)
((1,458),(2,1958),1,80)
((1,179),(2,1679),1,80)
((1,143),(2,1643),1,80)
((1,422),(2,1922),1,80)
((1,571),(2,2071),1,80)
((1,275),(2,1775),1,80)
((1,251),(2,1751),1,80)
((1,169),(2,1669),1,80)
((1,269),(2,1769),1,80)
((1,584),(2,2084),1,80)
((1,414),(2,1914),1,80)
((1,545),(2,2045),1,80)
((1,150),(2,1650),1,80)
((1,577),(2,2077),1,80)
((1,156),(2,1656),1,80)
((1,418),(2,1918),1,80)
((1,514),(2,2014),1,80)
((1,114),(2,1614),1,80)
((1,420),(2,1920),1,80)
((1,404),(2,1904),1,80)
((1,164),(2,1664),1,80)
((1,244),(2,1744),1,80)
((1,148),(2,1648),1,80)
((1,486),(2,1986),1,80)
((1,556),(2,2056),1,80)
((1,286),(2,1786),1,80)
((1,236),(2,1736),1,80)
((1,497),(2,1997),1,80)
((1,512),(2,2012),1,80)
((1,459),(2,1959),1,80)
((1,533),(2,2033),1,80)
((1,443),(2,1943),1,80)
((1,105),(2,1605),1,80)
((1,213),(2,1713),1,80)
((1,535),(2,2035),1,80)
((1,249),(2,1749),1,80)
((1,582),(2,2082),1,80)
((1,522),(2,2022),1,80)
((1,587),(2,2087),1,80)
((1,412),(2,1912),1,80)
((1,183),(2,1683),1,80)
((1,228),(2,1728),1,80)
((1,162),(2,1662),1,80)
((1,173),(2,1673),1,80)
((1,492),(2,1992),1,80)
((1,476),(2,1976),1,80)
((1,506),(2,2006),1,80)
((1,530),(2,2030),1,80)
((1,546),(2,2046),1,80)
((1,567),(2,2067),1,80)
((1,267),(2,1767),1,80)
((1,296),(2,1796),1,80)
((1,511),(2,2011),1,80)
((1,295),(2,1795),1,80)
((1,151),(2,1651),1,80)
((1,599),(2,2099),1,80)
((1,293),(2,1793),1,80)
((1,128),(2,1628),1,80)
((1,263),(2,1763),1,80)
((1,100),(2,1600),1,80)
((1,575),(2,2075),1,80)
((1,298),(2,1798),1,80)
((1,461),(2,1961),1,80)
((1,408),(2,1908),1,80)
((1,456),(2,1956),1,80)
((1,413),(2,1913),1,80)
((1,501),(2,2001),1,80)
((1,138),(2,1638),1,80)
((1,254),(2,1754),1,80)
((1,465),(2,1965),1,80)
((1,586),(2,2086),1,80)
((1,115),(2,1615),1,80)
((1,436),(2,1936),1,80)
((1,488),(2,1988),1,80)
((1,117),(2,1617),1,80)
((1,189),(2,1689),1,80)
((1,425),(2,1925),1,80)
((1,101),(2,1601),1,80)
((1,557),(2,2057),1,80)
((1,552),(2,2052),1,80)
((1,273),(2,1773),1,80)
((1,271),(2,1771),1,80)
((1,300),(2,1800),1,80)
((1,152),(2,1652),1,80)
((1,558),(2,2058),1,80)
((1,480),(2,1980),1,80)
((1,103),(2,1603),1,80)
((1,222),(2,1722),1,80)
((1,407),(2,1907),1,80)
((1,297),(2,1797),1,80)
((1,471),(2,1971),1,80)
((1,417),(2,1917),1,80)
((1,464),(2,1964),1,80)
((1,257),(2,1757),1,80)
((1,475),(2,1975),1,80)
((1,264),(2,1764),1,80)
((1,202),(2,1702),1,80)
((1,508),(2,2008),1,80)
((1,472),(2,1972),1,80)
((1,284),(2,1784),1,80)
((1,294),(2,1794),1,80)
((1,168),(2,1668),1,80)
((1,553),(2,2053),1,80)
((1,133),(2,1633),1,80)
((1,199),(2,1699),1,80)
((1,291),(2,1791),1,80)
((1,566),(2,2066),1,80)
((1,118),(2,1618),1,80)
((1,478),(2,1978),1,80)
((1,270),(2,1770),1,80)
((1,239),(2,1739),1,80)
((1,529),(2,2029),1,80)
((1,282),(2,1782),1,80)
((1,454),(2,1954),1,80)
((1,523),(2,2023),1,80)
((1,207),(2,1707),1,80)
((1,104),(2,1604),1,80)
((1,594),(2,2094),1,80)
((1,479),(2,1979),1,80)
((1,255),(2,1755),1,80)
((1,280),(2,1780),1,80)
((1,531),(2,2031),1,80)
((1,588),(2,2088),1,80)
((1,288),(2,1788),1,80)
((1,201),(2,1701),1,80)
((1,135),(2,1635),1,80)
((1,198),(2,1698),1,80)
((1,600),(2,2100),1,80)
((1,570),(2,2070),1,80)
((1,157),(2,1657),1,80)
((1,238),(2,1738),1,80)
((1,485),(2,1985),1,80)
((1,520),(2,2020),1,80)
((1,477),(2,1977),1,80)
((1,449),(2,1949),1,80)
((1,460),(2,1960),1,80)
((1,504),(2,2004),1,80)
((1,489),(2,1989),1,80)
((1,167),(2,1667),1,80)
((1,590),(2,2090),1,80)
((1,595),(2,2095),1,80)
((1,163),(2,1663),1,80)
((1,579),(2,2079),1,80)
((1,146),(2,1646),1,80)
((1,196),(2,1696),1,80)
((1,596),(2,2096),1,80)
((1,112),(2,1612),1,80)
((1,285),(2,1785),1,80)
((1,509),(2,2009),1,80)
((1,410),(2,1910),1,80)
((1,500),(2,2000),1,80)
((1,299),(2,1799),1,80)
((1,126),(2,1626),1,80)
((1,473),(2,1973),1,80)
((1,289),(2,1789),1,80)
((1,123),(2,1623),1,80)
((1,484),(2,1984),1,80)
((1,411),(2,1911),1,80)
((1,252),(2,1752),1,80)
((1,171),(2,1671),1,80)
((1,193),(2,1693),1,80)
((1,457),(2,1957),1,80)
((1,261),(2,1761),1,80)
((1,127),(2,1627),1,80)
((1,538),(2,2038),1,80)
((1,510),(2,2010),1,80)
((1,487),(2,1987),1,80)
((1,287),(2,1787),1,80)
((1,165),(2,1665),1,80)
((1,467),(2,1967),1,80)
((1,423),(2,1923),1,80)
((1,241),(2,1741),1,80)
((1,245),(2,1745),1,80)
((1,215),(2,1715),1,80)
((1,564),(2,2064),1,80)
((1,518),(2,2018),1,80)
((1,153),(2,1653),1,80)
((1,216),(2,1716),1,80)
((1,204),(2,1704),1,80)
((1,424),(2,1924),1,80)
((1,415),(2,1915),1,80)
((1,438),(2,1938),1,80)
((1,242),(2,1742),1,80)
((1,185),(2,1685),1,80)
((1,266),(2,1766),1,80)
((1,177),(2,1677),1,80)
((1,490),(2,1990),1,80)
((1,539),(2,2039),1,80)
BANK - MARKET
((1,669),(3,3669),1,80)
((1,664),(3,3664),1,80)
((1,518),(3,3518),1,80)
((1,296),(3,3296),1,80)
((1,299),(3,3299),1,80)
((1,511),(3,3511),1,80)
((1,650),(3,3650),1,80)
((1,206),(3,3206),1,80)
((1,470),(3,3470),1,80)
((1,322),(3,3322),1,80)
((1,342),(3,3342),1,80)
((1,649),(3,3649),1,80)
((1,597),(3,3597),1,80)
((1,328),(3,3328),1,80)
((1,691),(3,3691),1,80)
((1,522),(3,3522),1,80)
((1,665),(3,3665),1,80)
((1,238),(3,3238),1,80)
((1,239),(3,3239),1,80)
((1,226),(3,3226),1,80)
((1,344),(3,3344),1,80)
((1,475),(3,3475),1,80)
((1,324),(3,3324),1,80)
((1,695),(3,3695),1,80)
((1,498),(3,3498),1,80)
((1,404),(3,3404),1,80)
((1,234),(3,3234),1,80)
((1,283),(3,3283),1,80)
((1,406),(3,3406),1,80)
((1,621),(3,3621),1,80)
((1,668),(3,3668),1,80)
((1,559),(3,3559),1,80)
((1,536),(3,3536),1,80)
((1,381),(3,3381),1,80)
((1,588),(3,3588),1,80)
((1,698),(3,3698),1,80)
((1,503),(3,3503),1,80)
((1,468),(3,3468),1,80)
((1,677),(3,3677),1,80)
((1,457),(3,3457),1,80)
((1,243),(3,3243),1,80)
((1,421),(3,3421),1,80)
((1,451),(3,3451),1,80)
((1,287),(3,3287),1,80)
((1,228),(3,3228),1,80)
((1,607),(3,3607),1,80)
((1,419),(3,3419),1,80)
((1,596),(3,3596),1,80)
((1,625),(3,3625),1,80)
((1,471),(3,3471),1,80)
((1,337),(3,3337),1,80)
((1,551),(3,3551),1,80)
((1,352),(3,3352),1,80)
((1,609),(3,3609),1,80)
((1,387),(3,3387),1,80)
((1,679),(3,3679),1,80)
((1,212),(3,3212),1,80)
((1,460),(3,3460),1,80)
((1,620),(3,3620),1,80)
((1,449),(3,3449),1,80)
((1,604),(3,3604),1,80)
((1,386),(3,3386),1,80)
((1,286),(3,3286),1,80)
((1,612),(3,3612),1,80)
((1,313),(3,3313),1,80)
((1,445),(3,3445),1,80)
((1,582),(3,3582),1,80)
((1,497),(3,3497),1,80)
((1,674),(3,3674),1,80)
((1,251),(3,3251),1,80)
((1,545),(3,3545),1,80)
((1,392),(3,3392),1,80)
((1,388),(3,3388),1,80)
((1,414),(3,3414),1,80)
((1,274),(3,3274),1,80)
((1,579),(3,3579),1,80)
((1,570),(3,3570),1,80)
((1,583),(3,3583),1,80)
((1,542),(3,3542),1,80)
((1,391),(3,3391),1,80)
((1,630),(3,3630),1,80)
((1,367),(3,3367),1,80)
((1,628),(3,3628),1,80)
((1,376),(3,3376),1,80)
((1,538),(3,3538),1,80)
((1,591),(3,3591),1,80)
((1,624),(3,3624),1,80)
((1,259),(3,3259),1,80)
((1,661),(3,3661),1,80)
((1,639),(3,3639),1,80)
((1,539),(3,3539),1,80)
((1,526),(3,3526),1,80)
((1,646),(3,3646),1,80)
((1,656),(3,3656),1,80)
((1,244),(3,3244),1,80)
((1,359),(3,3359),1,80)
((1,617),(3,3617),1,80)
((1,593),(3,3593),1,80)
((1,568),(3,3568),1,80)
((1,685),(3,3685),1,80)
((1,365),(3,3365),1,80)
((1,409),(3,3409),1,80)
((1,389),(3,3389),1,80)
((1,525),(3,3525),1,80)
((1,586),(3,3586),1,80)
((1,428),(3,3428),1,80)
((1,627),(3,3627),1,80)
((1,505),(3,3505),1,80)
((1,316),(3,3316),1,80)
((1,218),(3,3218),1,80)
((1,684),(3,3684),1,80)
((1,655),(3,3655),1,80)
((1,454),(3,3454),1,80)
((1,615),(3,3615),1,80)
((1,358),(3,3358),1,80)
((1,689),(3,3689),1,80)
((1,255),(3,3255),1,80)
((1,410),(3,3410),1,80)
((1,452),(3,3452),1,80)
((1,662),(3,3662),1,80)
((1,385),(3,3385),1,80)
((1,472),(3,3472),1,80)
((1,267),(3,3267),1,80)
((1,415),(3,3415),1,80)
((1,301),(3,3301),1,80)
((1,543),(3,3543),1,80)
((1,341),(3,3341),1,80)
((1,493),(3,3493),1,80)
((1,257),(3,3257),1,80)
((1,237),(3,3237),1,80)
((1,507),(3,3507),1,80)
((1,336),(3,3336),1,80)
((1,558),(3,3558),1,80)
((1,305),(3,3305),1,80)
((1,426),(3,3426),1,80)
((1,647),(3,3647),1,80)
((1,450),(3,3450),1,80)
((1,600),(3,3600),1,80)
((1,629),(3,3629),1,80)
((1,530),(3,3530),1,80)
((1,517),(3,3517),1,80)
((1,638),(3,3638),1,80)
((1,1001),(3,4005),2,70)
((1,377),(3,3377),1,80)
((1,479),(3,3479),1,80)
((1,268),(3,3268),1,80)
((1,657),(3,3657),1,80)
((1,692),(3,3692),1,80)
((1,667),(3,3667),1,80)
((1,273),(3,3273),1,80)
((1,504),(3,3504),1,80)
((1,229),(3,3229),1,80)
((1,245),(3,3245),1,80)
((1,553),(3,3553),1,80)
((1,552),(3,3552),1,80)
((1,494),(3,3494),1,80)
((1,663),(3,3663),1,80)
((1,573),(3,3573),1,80)
((1,516),(3,3516),1,80)
((1,262),(3,3262),1,80)
((1,576),(3,3576),1,80)
((1,606),(3,3606),1,80)
((1,506),(3,3506),1,80)
((1,440),(3,3440),1,80)
((1,422),(3,3422),1,80)
((1,564),(3,3564),1,80)
((1,682),(3,3682),1,80)
((1,329),(3,3329),1,80)
((1,462),(3,3462),1,80)
((1,594),(3,3594),1,80)
((1,528),(3,3528),1,80)
((1,364),(3,3364),1,80)
((1,253),(3,3253),1,80)
((1,529),(3,3529),1,80)
((1,1001),(3,4003),2,70)
((1,235),(3,3235),1,80)
((1,280),(3,3280),1,80)
((1,489),(3,3489),1,80)
((1,368),(3,3368),1,80)
((1,510),(3,3510),1,80)
((1,473),(3,3473),1,80)
((1,395),(3,3395),1,80)
((1,500),(3,3500),1,80)
((1,439),(3,3439),1,80)
((1,640),(3,3640),1,80)
((1,699),(3,3699),1,80)
((1,323),(3,3323),1,80)
((1,688),(3,3688),1,80)
((1,565),(3,3565),1,80)
((1,456),(3,3456),1,80)
((1,492),(3,3492),1,80)
((1,521),(3,3521),1,80)
((1,461),(3,3461),1,80)
((1,284),(3,3284),1,80)
((1,584),(3,3584),1,80)
((1,520),(3,3520),1,80)
((1,572),(3,3572),1,80)
((1,269),(3,3269),1,80)
((1,463),(3,3463),1,80)
((1,476),(3,3476),1,80)
((1,390),(3,3390),1,80)
((1,580),(3,3580),1,80)
((1,325),(3,3325),1,80)
((1,585),(3,3585),1,80)
((1,589),(3,3589),1,80)
((1,402),(3,3402),1,80)
((1,221),(3,3221),1,80)
((1,297),(3,3297),1,80)
((1,360),(3,3360),1,80)
((1,595),(3,3595),1,80)
((1,447),(3,3447),1,80)
((1,491),(3,3491),1,80)
((1,645),(3,3645),1,80)
((1,643),(3,3643),1,80)
((1,362),(3,3362),1,80)
((1,294),(3,3294),1,80)
((1,347),(3,3347),1,80)
((1,1001),(3,4004),2,70)
((1,601),(3,3601),1,80)
((1,681),(3,3681),1,80)
((1,683),(3,3683),1,80)
((1,648),(3,3648),1,80)
((1,651),(3,3651),1,80)
((1,232),(3,3232),1,80)
((1,357),(3,3357),1,80)
((1,326),(3,3326),1,80)
((1,205),(3,3205),1,80)
((1,310),(3,3310),1,80)
((1,672),(3,3672),1,80)
((1,223),(3,3223),1,80)
((1,373),(3,3373),1,80)
((1,434),(3,3434),1,80)
((1,437),(3,3437),1,80)
((1,201),(3,3201),1,80)
((1,509),(3,3509),1,80)
((1,658),(3,3658),1,80)
((1,298),(3,3298),1,80)
((1,278),(3,3278),1,80)
((1,263),(3,3263),1,80)
((1,295),(3,3295),1,80)
((1,370),(3,3370),1,80)
((1,443),(3,3443),1,80)
((1,327),(3,3327),1,80)
((1,622),(3,3622),1,80)
((1,502),(3,3502),1,80)
((1,369),(3,3369),1,80)
((1,219),(3,3219),1,80)
((1,427),(3,3427),1,80)
((1,345),(3,3345),1,80)
((1,566),(3,3566),1,80)
((1,412),(3,3412),1,80)
((1,222),(3,3222),1,80)
((1,478),(3,3478),1,80)
((1,354),(3,3354),1,80)
((1,314),(3,3314),1,80)
((1,279),(3,3279),1,80)
((1,241),(3,3241),1,80)
((1,444),(3,3444),1,80)
((1,398),(3,3398),1,80)
((1,220),(3,3220),1,80)
((1,455),(3,3455),1,80)
((1,335),(3,3335),1,80)
((1,499),(3,3499),1,80)
((1,403),(3,3403),1,80)
((1,407),(3,3407),1,80)
((1,281),(3,3281),1,80)
((1,544),(3,3544),1,80)
((1,289),(3,3289),1,80)
((1,631),(3,3631),1,80)
((1,603),(3,3603),1,80)
((1,258),(3,3258),1,80)
((1,361),(3,3361),1,80)
((1,321),(3,3321),1,80)
((1,246),(3,3246),1,80)
((1,686),(3,3686),1,80)
((1,524),(3,3524),1,80)
((1,300),(3,3300),1,80)
((1,636),(3,3636),1,80)
((1,374),(3,3374),1,80)
((1,293),(3,3293),1,80)
((1,547),(3,3547),1,80)
((1,541),(3,3541),1,80)
((1,215),(3,3215),1,80)
((1,356),(3,3356),1,80)
((1,216),(3,3216),1,80)
((1,211),(3,3211),1,80)
((1,214),(3,3214),1,80)
((1,555),(3,3555),1,80)
((1,441),(3,3441),1,80)
((1,338),(3,3338),1,80)
((1,554),(3,3554),1,80)
((1,465),(3,3465),1,80)
((1,652),(3,3652),1,80)
((1,249),(3,3249),1,80)
((1,351),(3,3351),1,80)
((1,348),(3,3348),1,80)
((1,203),(3,3203),1,80)
((1,469),(3,3469),1,80)
((1,486),(3,3486),1,80)
((1,637),(3,3637),1,80)
((1,800),(3,3800),1,80)
((1,292),(3,3292),1,80)
((1,483),(3,3483),1,80)
((1,659),(3,3659),1,80)
((1,550),(3,3550),1,80)
((1,653),(3,3653),1,80)
((1,275),(3,3275),1,80)
((1,464),(3,3464),1,80)
((1,619),(3,3619),1,80)
((1,563),(3,3563),1,80)
((1,397),(3,3397),1,80)
((1,417),(3,3417),1,80)
((1,442),(3,3442),1,80)
((1,644),(3,3644),1,80)
((1,433),(3,3433),1,80)
((1,319),(3,3319),1,80)
((1,675),(3,3675),1,80)
((1,641),(3,3641),1,80)
((1,250),(3,3250),1,80)
((1,399),(3,3399),1,80)
((1,302),(3,3302),1,80)
((1,331),(3,3331),1,80)
((1,678),(3,3678),1,80)
((1,485),(3,3485),1,80)
((1,654),(3,3654),1,80)
((1,477),(3,3477),1,80)
((1,424),(3,3424),1,80)
((1,353),(3,3353),1,80)
((1,308),(3,3308),1,80)
((1,230),(3,3230),1,80)
((1,519),(3,3519),1,80)
((1,425),(3,3425),1,80)
((1,307),(3,3307),1,80)
((1,599),(3,3599),1,80)
((1,671),(3,3671),1,80)
((1,673),(3,3673),1,80)
((1,260),(3,3260),1,80)
((1,210),(3,3210),1,80)
((1,610),(3,3610),1,80)
((1,431),(3,3431),1,80)
((1,592),(3,3592),1,80)
((1,383),(3,3383),1,80)
((1,614),(3,3614),1,80)
((1,408),(3,3408),1,80)
((1,429),(3,3429),1,80)
((1,531),(3,3531),1,80)
((1,448),(3,3448),1,80)
((1,350),(3,3350),1,80)
((1,693),(3,3693),1,80)
((1,282),(3,3282),1,80)
((1,332),(3,3332),1,80)
((1,501),(3,3501),1,80)
((1,632),(3,3632),1,80)
((1,480),(3,3480),1,80)
((1,557),(3,3557),1,80)
((1,613),(3,3613),1,80)
((1,548),(3,3548),1,80)
((1,466),(3,3466),1,80)
((1,382),(3,3382),1,80)
((1,481),(3,3481),1,80)
((1,611),(3,3611),1,80)
((1,416),(3,3416),1,80)
((1,333),(3,3333),1,80)
((1,227),(3,3227),1,80)
((1,400),(3,3400),1,80)
((1,482),(3,3482),1,80)
((1,571),(3,3571),1,80)
((1,378),(3,3378),1,80)
((1,254),(3,3254),1,80)
((1,418),(3,3418),1,80)
((1,533),(3,3533),1,80)
((1,304),(3,3304),1,80)
((1,474),(3,3474),1,80)
((1,487),(3,3487),1,80)
((1,495),(3,3495),1,80)
((1,355),(3,3355),1,80)
((1,349),(3,3349),1,80)
((1,562),(3,3562),1,80)
((1,207),(3,3207),1,80)
((1,459),(3,3459),1,80)
((1,602),(3,3602),1,80)
((1,261),(3,3261),1,80)
((1,574),(3,3574),1,80)
((1,265),(3,3265),1,80)
((1,252),(3,3252),1,80)
((1,634),(3,3634),1,80)
((1,233),(3,3233),1,80)
((1,484),(3,3484),1,80)
((1,697),(3,3697),1,80)
((1,598),(3,3598),1,80)
((1,393),(3,3393),1,80)
((1,680),(3,3680),1,80)
((1,405),(3,3405),1,80)
((1,372),(3,3372),1,80)
((1,266),(3,3266),1,80)
((1,549),(3,3549),1,80)
((1,694),(3,3694),1,80)
((1,438),(3,3438),1,80)
((1,423),(3,3423),1,80)
((1,687),(3,3687),1,80)
((1,413),(3,3413),1,80)
((1,240),(3,3240),1,80)
((1,633),(3,3633),1,80)
((1,590),(3,3590),1,80)
((1,635),(3,3635),1,80)
((1,312),(3,3312),1,80)
((1,225),(3,3225),1,80)
((1,217),(3,3217),1,80)
((1,430),(3,3430),1,80)
((1,496),(3,3496),1,80)
((1,660),(3,3660),1,80)
((1,330),(3,3330),1,80)
((1,618),(3,3618),1,80)
((1,231),(3,3231),1,80)
((1,527),(3,3527),1,80)
((1,290),(3,3290),1,80)
((1,396),(3,3396),1,80)
((1,340),(3,3340),1,80)
((1,453),(3,3453),1,80)
((1,339),(3,3339),1,80)
((1,490),(3,3490),1,80)
((1,581),(3,3581),1,80)
((1,616),(3,3616),1,80)
((1,561),(3,3561),1,80)
((1,411),(3,3411),1,80)
((1,605),(3,3605),1,80)
((1,626),(3,3626),1,80)
((1,318),(3,3318),1,80)
((1,534),(3,3534),1,80)
((1,458),(3,3458),1,80)
((1,535),(3,3535),1,80)
((1,435),(3,3435),1,80)
((1,204),(3,3204),1,80)
((1,315),(3,3315),1,80)
((1,556),(3,3556),1,80)
((1,394),(3,3394),1,80)
((1,515),(3,3515),1,80)
((1,366),(3,3366),1,80)
((1,303),(3,3303),1,80)
((1,670),(3,3670),1,80)
((1,248),(3,3248),1,80)
((1,546),(3,3546),1,80)
((1,334),(3,3334),1,80)
((1,700),(3,3700),1,80)
((1,236),(3,3236),1,80)
((1,401),(3,3401),1,80)
((1,317),(3,3317),1,80)
((1,532),(3,3532),1,80)
((1,540),(3,3540),1,80)
((1,569),(3,3569),1,80)
((1,202),(3,3202),1,80)
((1,320),(3,3320),1,80)
((1,432),(3,3432),1,80)
((1,200),(3,3200),1,80)
((1,690),(3,3690),1,80)
((1,270),(3,3270),1,80)
((1,277),(3,3277),1,80)
((1,587),(3,3587),1,80)
((1,371),(3,3371),1,80)
((1,696),(3,3696),1,80)
((1,666),(3,3666),1,80)
((1,577),(3,3577),1,80)
((1,523),(3,3523),1,80)
((1,288),(3,3288),1,80)
((1,380),(3,3380),1,80)
((1,291),(3,3291),1,80)
((1,514),(3,3514),1,80)
((1,343),(3,3343),1,80)
((1,247),(3,3247),1,80)
((1,311),(3,3311),1,80)
((1,537),(3,3537),1,80)
((1,575),(3,3575),1,80)
((1,642),(3,3642),1,80)
((1,309),(3,3309),1,80)
((1,256),(3,3256),1,80)
((1,375),(3,3375),1,80)
((1,676),(3,3676),1,80)
((1,513),(3,3513),1,80)
((1,208),(3,3208),1,80)
((1,508),(3,3508),1,80)
((1,578),(3,3578),1,80)
((1,209),(3,3209),1,80)
((1,363),(3,3363),1,80)
((1,560),(3,3560),1,80)
((1,379),(3,3379),1,80)
((1,276),(3,3276),1,80)
((1,623),(3,3623),1,80)
((1,512),(3,3512),1,80)
((1,446),(3,3446),1,80)
((1,567),(3,3567),1,80)
((1,420),(3,3420),1,80)
((1,384),(3,3384),1,80)
((1,467),(3,3467),1,80)
((1,436),(3,3436),1,80)
((1,271),(3,3271),1,80)
((1,488),(3,3488),1,80)
((1,242),(3,3242),1,80)
((1,224),(3,3224),1,80)
((1,272),(3,3272),1,80)
((1,306),(3,3306),1,80)
((1,346),(3,3346),1,80)
((1,285),(3,3285),1,80)
((1,264),(3,3264),1,80)
((1,608),(3,3608),1,80)
((1,213),(3,3213),1,80)
end message